00017658:4,8,473,633
00019246:4,5,476,711
00017664:31,72,416,584
00018505:4,12,452,558
00018963:5,5,476,635
00019388:4,5,476,636
90000012:13,5,476,626
00010091:4,5,476,636
00001308:4,5,476,850
00000162:4,6,474,849
00023240:4,5,476,636
00000270:4,5,476,850
00018680:47,37,444,544
00011616:48,28,448,613
00010098:8,73,407,803
00018726:36,32,460,702
90000003:4,5,476,628
00010180:8,9,472,632
00000325:4,5,476,850
00018759:4,5,472,636
00018962:7,5,476,635
00019435:4,10,471,631
00019919:5,5,476,636
00015822:29,13,468,552
00010430:4,13,468,628
00023945:4,5,476,636
00000090:7,10,471,837
90000002:12,13,468,575
00000260:4,6,475,849
00009053:5,5,476,636
00008205:4,5,476,636
00010606:4,13,473,633
00000536:4,5,476,850
00018769:4,132,410,713
90000014:4,5,476,750
90000004:6,7,474,634
00018959:4,5,476,636
00018997:15,121,366,535
00010780:93,30,453,578
00005381:10,11,470,630
00009103:5,5,476,636
00021901:4,5,476,636
00017709:39,57,432,576
90000009:4,5,476,636
00001048:4,5,476,636
00018964:17,56,463,623
00008728:4,17,464,624
00000573:4,5,476,850
00017659:4,7,474,634
00007371:4,5,476,636
00018478:8,5,476,624
00022785:4,9,472,632
00018515:4,5,476,644
00018897:5,5,476,636
00019394:4,8,471,633
00018118:4,5,476,644
00000384:155,134,429,675
00008915:4,5,476,636
00023947:4,6,475,635
00001065:10,13,472,632
00017613:26,44,445,644
00010801:4,5,476,636
00000398:45,13,468,842
90000008:4,5,476,636
00010917:4,6,475,635
00007202:4,5,476,636
00008616:4,6,475,615
00000441:4,10,473,845
00019920:96,5,463,624
00017627:4,5,476,636
00017609:4,53,466,626
00010302:4,6,475,619
90000011:4,5,476,628
00019906:7,11,470,630
00018071:4,5,476,716
90000013:4,27,442,610
00017663:33,14,468,628
90000007:18,13,468,628
00009483:4,5,476,636
00014842:4,5,476,636
00016845:73,15,466,626
00018086:26,27,454,814
00017660:5,5,433,633
00019000:103,69,412,656
00016761:4,10,464,631
00023946:4,5,476,636
00023943:4,5,476,636
00019827:4,5,476,644
00008383:4,5,476,636
00018965:4,5,476,636
90000010:5,5,476,636
00017632:4,20,474,634
00017640:4,5,476,636
00023944:4,5,476,636
00008346:4,5,476,636
90000005:4,15,469,629
00018347:4,24,468,568
00000064:4,5,476,850
00017672:4,5,476,636
90000006:9,10,471,631
00008402:4,5,476,636